SensitivityAnalysis started!
cbv
           2.00           -0.00            3.00            3.00            5.00           -0.00            4.00 

B
          10.00            0.00            8.00            6.00           14.00            0.00           10.00 
           0.00            1.00            0.00            0.00            0.00            0.00            0.00 
           0.00            0.00            1.00            0.00            0.00            0.00            0.00 
           0.00            0.00            0.00            1.00            0.00            0.00            0.00 
           0.00            0.00            0.00            0.00            1.00            0.00            0.00 
           1.00            0.00            0.00            0.00            0.00            1.00            0.00 
           0.00            0.00            0.00            0.00            0.00            0.00            1.00 

B^-1
           0.10            0.00           -0.80           -0.60           -1.40            0.00           -1.00 
           0.00            1.00            0.00            0.00            0.00            0.00            0.00 
           0.00            0.00            1.00            0.00            0.00            0.00            0.00 
           0.00            0.00            0.00            1.00            0.00            0.00            0.00 
           0.00            0.00            0.00            0.00            1.00            0.00            0.00 
          -0.10            0.00            0.80            0.60            1.40            1.00            1.00 
           0.00            0.00            0.00            0.00            0.00            0.00            1.00 

cbvB^-1
           0.20            0.00            1.40            1.80            2.20            0.00            2.00 


Initial Table

             x1              x2              x3              x4              x5              x6              s1              s2              s3              s4              s5              s6              s7             rhs 
        -2.0000         -3.0000         -3.0000         -5.0000         -2.0000         -4.0000          0.0000          0.0000          0.0000          0.0000          0.0000          0.0000          0.0000          0.0000 
        11.0000          8.0000          6.0000         14.0000         10.0000         10.0000          1.0000          0.0000          0.0000          0.0000          0.0000          0.0000          0.0000         40.0000 
         1.0000          0.0000          0.0000          0.0000          0.0000          0.0000          0.0000          1.0000          0.0000          0.0000          0.0000          0.0000          0.0000          1.0000 
         0.0000          1.0000          0.0000          0.0000          0.0000          0.0000          0.0000          0.0000          1.0000          0.0000          0.0000          0.0000          0.0000          1.0000 
         0.0000          0.0000          1.0000          0.0000          0.0000          0.0000          0.0000          0.0000          0.0000          1.0000          0.0000          0.0000          0.0000          1.0000 
         0.0000          0.0000          0.0000          1.0000          0.0000          0.0000          0.0000          0.0000          0.0000          0.0000          1.0000          0.0000          0.0000          1.0000 
         0.0000          0.0000          0.0000          0.0000          1.0000          0.0000          0.0000          0.0000          0.0000          0.0000          0.0000          1.0000          0.0000          1.0000 
         0.0000          0.0000          0.0000          0.0000          0.0000          1.0000          0.0000          0.0000          0.0000          0.0000          0.0000          0.0000          1.0000          1.0000 

Optimal Changing Table

             x1              x2              x3              x4              x5              x6              s1              s2              s3              s4              s5              s6              s7             rhs 
         0.2000          0.0000          0.0000          0.0000          0.0000          0.0000          0.2000          0.0000          1.4000          1.8000          2.2000          0.0000          2.0000         15.4000 
         1.1000          0.0000          0.0000          0.0000          1.0000          0.0000          0.1000          0.0000         -0.8000         -0.6000         -1.4000          0.0000         -1.0000          0.2000 
         1.0000          0.0000          0.0000          0.0000          0.0000          0.0000          0.0000          1.0000          0.0000          0.0000          0.0000          0.0000          0.0000          1.0000 
         0.0000          1.0000          0.0000          0.0000          0.0000          0.0000          0.0000          0.0000          1.0000          0.0000          0.0000          0.0000          0.0000          1.0000 
         0.0000          0.0000          1.0000          0.0000          0.0000          0.0000          0.0000          0.0000          0.0000          1.0000          0.0000          0.0000          0.0000          1.0000 
         0.0000          0.0000          0.0000          1.0000          0.0000          0.0000          0.0000          0.0000          0.0000          0.0000          1.0000          0.0000          0.0000          1.0000 
        -1.1000          0.0000          0.0000          0.0000          0.0000          0.0000         -0.1000          0.0000          0.8000          0.6000          1.4000          1.0000          1.0000          0.8000 
         0.0000          0.0000          0.0000          0.0000          0.0000          1.0000          0.0000          0.0000          0.0000          0.0000          0.0000          0.0000          1.0000          1.0000 
